Dragon_1
0.8241 0.2815 -0.2123 0.8642 -1.8823 -0.1106 0.79
0.0883 0.5210 -0.4639 -0.3778 0.7854 8.0958 1.00

Dragon_2
-0.1600 -0.6400 0.4338 -0.1108 5.2646 8.1113 0.32
0.6031 0.3354 -0.2800 0.8800 -2.7575 -0.7991 1.00

Heighway_Dragon
0.500000 -0.500000 0.500000 0.500000 0.000000 0.000000 0.500000
-0.500000 -0.500000 0.500000 -0.500000 1.000000 0.000000 1.00

Fudge_Dragon
0.500000 0.288675 -0.288675 0.500000 0.000000 0.000000 0.500000
-0.500000 0.288675 -0.288675 -0.500000 1.000000 0.000000 1.00

Krystal
0.6970 -0.4811 -0.3940 -0.6629 2.1470 10.3103 0.75
0.0910 -0.4432 0.5152 -0.0947 4.2866 2.9258 1.00

Swirl
0.7455 -0.4591 0.4061 0.8871 1.4603 0.6911 0.91
-0.4242 -0.0652 -0.1758 -0.2182 3.8096 6.7415 1.00

Triangle
0.5000 0.0000 0.0000 0.5000 0.0000 0.0000 0.33
0.5000 0.0000 0.0000 0.5000 0.0000 1.0000 0.33
0.5000 0.0000 0.0000 0.5000 1.0000 1.0000 1.00

Triangle_2
-0.250000 0.433000 -0.433000 -0.250000 0.250000 0.433000 
0.500000  0.000000  0.000000  0.500000  0.250000 0.433000 
-0.250000 -0.433000 0.433000 -0.250000 1.000000 1.00

Helix_1
0.8265 -0.4750 0.4750 0.8265 0.0000 0.0000 0.90
0.1740 -0.1000 0.1000 0.1740 0.2000 1.0000 1.00

Helix_2
0.6250 0.3750 -0.3750 0.6250 -1.8679 1.8787 0.68
0.0000 0.2500 -0.2500 0.1250 -4.4305 7.9701 0.08
0.2500 -0.1250 0.0000 0.2500 -2.9603 0.5506 0.08
0.0000 -0.2500 0.2500 -0.1250 4.4592 2.0208 0.08
-0.2500 0.1250 0.0000 -0.2500 2.9890 9.4403 1.00

Helix_3
0.5 0.66 -0.66 0.5 0.0 0.0 0.77
0.0 0.50 -0.50 0.0 1.0 0.5 1.00

Helix_4
0.250000 0.000000 0.000000 0.250000 0.000000 0.500000 0.080201
0.727742 -0.610648 0.610648 0.727742 0.416453 -0.194195 1.00

Fog
-0.5481 -0.9875 0.2873 -0.8119 0.8180 10.5785 0.84
-0.1351 -0.9328 0.1471 -0.9423 2.1105 3.2618 1.00

Binary_tree
0.0000 0.0000 0.0000 0.5000 0.0000 0.0000 0.05
0.4200 -0.4200 0.4200 0.4200 0.0000 0.2000 0.40
0.4200 0.4200 -0.4200 0.4200 0.0000 0.2000 0.40
0.1000 0.0000 0.0000 0.1000 0.0000 0.2000 1.00

Symbol_Z
-0.5481 -0.1811 0.2573 -1.0159 0.8180 10.5785 0.84
-0.1351 -0.4328 0.1471 -0.3483 2.1105 3.2618 1.00

Fern
0.0000 0.0000 0.0000 0.1600 0.0000 0.0000 0.01
0.2000 -0.2600 0.2300 0.2200 0.0000 1.6000 0.07
-0.1500 0.2800 0.2600 0.2400 0.0000 0.4400 0.08
0.8500 0.0400 -0.0400 0.8500 0.0000 1.6000 1.00

Space
-0.5454 -0.1371 2.2573 -1.0279 3.9181 10.4786 0.84
-0.7871 -0.4058 1.8472 -0.4482 1.0995 3.2618 1.00

Beards
0.307692 -0.531469 -0.461538 -0.293706 5.401953 8.655175 0.40
0.307692 -0.076923 0.153846 -0.447552 -1.295248 4.152990 0.15
0.000000 0.545455 0.692308 -0.195804 -4.893637 7.269794 1.00

Curve_Koch_3
0.307692 0.000000 0.000000 0.294118 4.119164 1.604278 0.151515
0.192308 -0.205882 0.653846 0.088235 -0.688840 5.978916 0.253788
0.192308 0.205882 -0.653846 0.088235 0.668580 5.962514 0.253788
0.307692 0.000000 0.000000 0.294118 -4.136530 1.604278 0.151515
0.384615 0.000000 0.000000 -0.294118 -0.007718 2.941176 1.00

Dendrit
0.5 0.5 0.5 -0.5 0.0 0.0 0.5
0.6 -0.2 -0.2 -0.6 0.4 0.2 1.00

Carp
0.5 0 0.4 0.1 1.0 1.0 0.19
1.2 0 0.0 0.1 -0.4 2.0 0.24
0.5 0 -0.4 0.1 1.0 3.0 0.19
0.5 0 0.4 0.1 -1.0 3.0 0.19
0.5 0 -0.4 0.1 -1.0 1.0 1.00

Flooring
0.0 -0.5 0.5 0.0 -0.25 0.00 0.333333
0.5 0.0 0.0 0.5 0.00 0.25 0.333333
0.0 0.5 -0.5 0.0 0.25 0.00 1.00

Sheet
0.14 0.01 0.00 0.51 -0.08 -1.31 0.06
0.43 0.52 -0.45 0.50 1.49 -0.75 0.37
0.45 -0.49 0.47 0.47 -1.62 -0.74 0.36
0.49 0.00 0.00 0.51 0.02 1.62 1.00

Sheet_2
0.60 -0.6 0.6 0.60 0.00 0.0 0.5
0.53 0.0 0.0 0.53 0.47 0.0 1.00

Square
0.00 1.0 -1.0 0.00 0.00 0.0 0.9
0.46 0.0 0.0 0.46 0.54 0.0 1.00

Square_2
0.333333 0.000000 0.000000 0.333333 0.000000 0.666667 0.125000
0.333333 0.000000 0.000000 0.333333 0.333333 0.666667 0.125000
0.333333 0.000000 0.000000 0.333333 0.666667 0.666667 0.125000
0.333333 0.000000 0.000000 0.333333 0.000000 0.333333 0.125000
0.333333 0.000000 0.000000 0.333333 0.666667 0.333333 0.125000
0.333333 0.000000 0.000000 0.333333 0.000000 0.000000 0.125000
0.333333 0.000000 0.000000 0.333333 0.333333 0.000000 0.125000
0.333333 0.000000 0.000000 0.333333 0.666667 0.000000 1.00

Tree
0.05 0 0 0.6 0 0 0.028000
0.05 0 0 -0.5 0 1 0.023256
0.459627 -0.321394 0.385673 0.383022 0 0.6 0.279070
0.469846 -0.153909 0.171010 0.422862 0 1.1 0.209302
0.433013 0.275 -0.25 0.476314 0 1 0.255814
0.421325 0.257115 -0.353533 0.306418 0 0.7 1.00

Tree_2
0.25 0 0 0.9 0.375 0
0.65 0 0 0.75 0.175 0.25
0 -0.5 0.25 0 0.5 0.2
0 0.5 -0.25 0 0.5 1.00

Tree_3
0.195 -0.488 0.344 0.443 0.4431 0.2453
0.462 0.414 -0.252 0.361 0.2511 0.5692
-0.058 -0.07 0.453 -0.111 0.5976 0.0969
-0.035 0.07 -0.469 -0.022 0.4884 0.5069
-0.637 0 0 0.501 0.8562 0.2513

Tree_4 
0.0 -0.7 0.7 0.0 0.0 0.0 0.5
0.7 0.0 0.0 0.7 0.3 0.0 1.00

Cross
0.250000 0.000000 0.000000 0.250000 0.000000 0.750000 0.125000
0.250000 0.000000 0.000000 0.250000 0.750000 0.750000 0.125000
0.250000 0.000000 0.000000 0.250000 0.250000 0.500000 0.125000
0.250000 0.000000 0.000000 0.250000 0.500000 0.500000 0.125000
0.250000 0.000000 0.000000 0.250000 0.250000 0.250000 0.125000
0.250000 0.000000 0.000000 0.250000 0.500000 0.250000 0.125000
0.250000 0.000000 0.000000 0.250000 0.000000 0.000000 0.125000
0.250000 0.000000 0.000000 0.250000 0.750000 0.000000 0.125000

Symbol_T_3x3
0.333333  0.000000  0.000000  0.333333  0.000000  0.666667  0.200000
0.333333  0.000000  0.000000  0.333333  0.333333  0.666667  0.200000
0.333333  0.000000  0.000000  0.333333  0.666667  0.666667  0.200000
0.333333  0.000000  0.000000  0.333333  0.333333  0.333333  0.200000
0.333333  0.000000  0.000000  0.333333  0.333333  0.000000  0.200000

Symbol_T_6x6
0.200000  0.000000  0.000000  0.200000  0.000000  0.800000  0.111111
0.200000  0.000000  0.000000  0.200000  0.200000  0.800000  0.111111
0.200000  0.000000  0.000000  0.200000  0.400000  0.800000  0.111111
0.200000  0.000000  0.000000  0.200000  0.600000  0.800000  0.111111
0.200000  0.000000  0.000000  0.200000  0.800000  0.800000  0.111111
0.200000  0.000000  0.000000  0.200000  0.400000  0.600000  0.111111
0.200000  0.000000  0.000000  0.200000  0.400000  0.400000  0.111111
0.200000  0.000000  0.000000  0.200000  0.400000  0.200000  0.111111
0.200000  0.000000  0.000000  0.200000  0.400000  0.000000  0.111111

Pentigree
   0.309045 -0.224534  0.224534  0.309000  0.000000  0.000000  0.166667
  -0.118045 -0.363304  0.363304 -0.118045  0.309000  0.225000  0.166667
   0.309045  0.224534 -0.224534  0.309045  0.191000  0.588000  0.166667
  -0.118045  0.363304 -0.363304 -0.118045  0.500000  0.363000  0.166667
   0.309045  0.224534 -0.224534  0.309045  0.382000  0.000000  0.166667
   0.309045 -0.224534  0.224534  0.309045  0.691000 -0.225000  0.166665

Pentadentrite
   0.340621 -0.071275  0.071284  0.340623  0.000000  0.000000  0.166667
   0.037463 -0.345977  0.345978  0.037471  0.341000  0.071000  0.166667
   0.340621 -0.071275  0.071284  0.340623  0.379000  0.418000  0.166667
  -0.233669  0.257876 -0.257882 -0.233675  0.720000  0.489000  0.166667
   0.173052  0.301926 -0.301922  0.173045  0.486000  0.231000  0.166667
   0.340621 -0.071275  0.071284  0.340623  0.659000 -0.071000  0.166665

Eisenstein
  -0.500000  0.000000  0.000000 -0.500000  0.000000  0.000000  0.250000
  -0.500000  0.000000  0.000000 -0.500000 -0.500000  0.000000  0.250000
  -0.500000  0.000000  0.000000 -0.500000  0.250000 -0.433000  0.250000
  -0.500000  0.000000  0.000000 -0.500000  0.250000  0.433000  0.250000

Barnsleys_Wreath
  -0.500000  0.000000  0.000000 -0.500000  0.500000  0.863000  0.166667
  -0.500000  0.000000  0.000000 -0.500000  1.250000  1.300000  0.166667
  -0.500000  0.000000  0.000000 -0.500000  0.500000  1.730000  0.166667
  -0.250000  0.000000  0.000000 -0.250000  0.750000  0.866000  0.166667
  -0.250000  0.000000  0.000000 -0.250000  0.750000  1.300000  0.166667
  -0.250000  0.000000  0.000000 -0.250000  0.375000  1.080000  0.166665

Island
   0 .577 -.577 0 .0951 .5893
   0 .577 -.577 0 .4413 .7893
   0 .577 -.577 0 .0952 .9893

Nautilus
   0.860671  0.401487 -0.402177  0.860992  0.108537  0.075138  0.956972
   0.094957 -0.000995  0.237023  0.002036 -0.746911  0.047343  0.009813
   0.150288  0.000000  0.000000  0.146854 -0.563199  0.032007  0.023402
   0.324279 -0.002163  0.005846  0.001348 -0.557936 -0.139735  0.009813

Blob_01
   0.650000  0.300000 -0.300000  0.650000  0.000000  0.000000  0.500000
   0.650000  0.300000 -0.300000  0.650000  0.650000 -0.300000  0.500000

Blob_02
   0.800000 -0.200000  0.200000  0.800000  0.000000  0.000000  0.500000
   0.800000 -0.200000  0.200000  0.800000  0.800000  0.200000  0.500000

Blob_03
  -0.215409  0.662878 -0.662878 -0.215409  0.000000  0.000000  0.500000
  -0.215409  0.662878 -0.662878 -0.215409 -0.215409 -0.662878  0.500000

Blob_04
   0.500000 -0.500000  0.500000  0.500000  0.000000  0.000000  0.500000
   0.500000 -0.500000  0.500000  0.500000  0.500000  0.500000  0.500000

Blob_05
  -0.386563  0.484736 -0.484736 -0.386563  0.000000  0.000000  0.500000
  -0.386563  0.484736 -0.484736 -0.386563 -0.386563 -0.484736  0.500000

Blob_06
   0.200000 -0.600000  0.600000  0.200000  0.000000  0.000000  0.500000
   0.200000 -0.600000  0.600000  0.200000  0.200000  0.600000  0.500000